7
2
2
1
12
5
-2
5
-2
3
4
8
7
1
1
tr 1
1,200000
-399
0
300
0
9
0
3
1
pipe 2
1,200000
300
0
1
tr 3
1,200000
400
1
5
1
tr
5
2
1
7
2
2
0
1
3
9
1
2
3
1
tr 4
2,200000
400
0
2
cs 1
10
9
a
9
2
0
2
cs 2
10
9
a
2
cs 3
10
2
b
3
4
9
2
2
2
cs 5
10
5
c
1
tr 5
2,400000
300
0
9
1
6
1
tr 7
2,300000
400
1
6
2
50
4
2
cs 4
10
2
c
6
2
50
10
data1.txt
0
11
data1.txt
3
4
1
tr 6
1,200000
300
1
2
cs 6
10
10
a
7
2
2
1
12
5
-2
5
-2
3
4
8
7
1
1
0
1
-399
0
7
2
2
1
12
5
-2
5
-2
3
4
8
7
1
1
0
1
-399
0
7
2
2
1
12
5
-2
5
-2
3
4
8
7
1
1
0
1
-399
0
1
ôûââôû
123,000000
1
1
3
1
ôûâôûâûâô
213,000000
2
1
2
ôâûôâûâôûôûâûâô
23
2
1
1
ûêğûïğïïğ
23,000000
2
1
1
oodfsonsdonj
123,000000
1
1
1
adsndsanjlnl
23,000000
2
1
3
1
sdasaddsa
23,000000
2
1
9
1
2
1
dssaddsadas
23,000000
2
1
5
2
1
3
1
adssdadasd
123,000000
1
1
2
ôûâôûââôû
123
1
1
2
ôâûâôûôâû
123
11
1
4
1
213
0,000000
1,000000
21
1
3
7
2
2
1
0
9
1
5
1
ôûââôû
123,000000
1
1
2
ôûâ
123
1
1
9
2
2
2
ôûâûâôôâûôâû
123
1
1
1
sddsa
123,000000
1
1
1
asassdadsada
23,000000
2
1
1
fdsgsfdsgd
23,000000
1
1
7
1
1
1
asdasasddsasda
23,000000
2
1
1
asasdsdadas
123,000000
1
1
1
sdasdasdadas
232,000000
21
1
1
asdsadsadsad
23,000000
1
1
7
1
0
1
asdsdasda
23,000000
2
1
1
asdsda
0,000000
1,000000
1
1
1
asdddsadaasd
1,000000
1
1
7
1
0
3
1
asddassda
23,000000
1
1
0
2
saddsa
1
1
2
2
asdasddas
23
2
1
2
sasaddas
23
2
1
9
2
2
1
sdsda
21,000000
1
1
2
asdsda
23
1
1
1
ûâôûâôô
123,000000
1
1
1
ôû
0,000000
0,000000
1,000000
11
1
0
23
2
1
1
1
1
1
123231
231,000000
23
2
1
7
2
2
0
3
1
ôûââôûûâô
23,000000
2
1
1
ôûâûâôôâû
23,000000
2
2
1
7
1
0
1
ôûâûâôô
23,000000
2
1
1
asd
123,000000
1
1
1
asddsdasda
23,000000
2
2
1
1
asdsda
23,000000
2
1
7
1
0
1
asd
23,000000
2
1
1
asdasd
123,000000
1
1
0
1
assdaasd
23,000000
2
21
1
0
1
asadsad
23,000000
1
1
5
2
0
5
2
1
1
asdsadsda
23,000000
1
1
7
1
0
1
asdsda
123,000000
1
1
1
assadda
23,000000
2
1
0
1
asdsdadas
23,000000
1
1
1
asdsadasdasd
23,000000
1
1
7
1
0
1
asdsadads
23,000000
1
1
1
asdsad
123,000000
1
1
1
asddasd
0,000000
2,000000
2
21
1
1
asdsadsad
23,000000
2
1
7
1
0
1
asddsaddas
23,000000
2
1
1
ôûâûôâ
123,000000
1
1
1
ôûâûôâûôûâôâô
23,000000
2
1
3
1
ÔÛÂÛÔÂÛÔÂÔÛÂÔÛ
123,000000
1
1
7
1
0
1
óïàïóï
34,000000
3
1
7
1
0
1
ûôôâûùîôûâ
23,000000
1
0
7
2
2
0
1
1
ôûûâôûâô
23,000000
2
1
5
2
1
1
ôûâûûâô
23,000000
2
1
1
1
0,000000
123,000000
1
1
1
adssdadasad
23,000000
2
1
0
12375
123
0
1
asdsdasda
23,000000
2
1
7
2
2
1
0
1
assdasda
23,000000
2
1
1
assasaddas
123,000000
1
1
1
asdsadsdasdasda
23,000000
2
1
1
gagdfsggsfd
34,000000
1
1
7
1
0
1
asassdadas
23,000000
1
1
7
2
2
1
0
1
sadasdsdasda
23,000000
2
1
2
asdsadasdb;sja123
1
1
asd
2
vugbhi,l[
12
1
as
6
1
a
2
yuvbyinojmkp
123
1
0
6
2
1
1
àôôàâû
123,000000
1
1
2
ôûâôûâô
213
1
1
4
8
3
2
1
0
2
ôûûûôââû
123
1
1
6
1
ôûâ
2
óêåí
22
2
2
11
file.txt
11
data.txt
2
12123
1
1
1
2
ôâûûôâôûâô
23
20
ôû
10
file.txt
2
ôûûâô
2
ôûâûôâôûûâô
23
2
1
11
file.txt
2
sadsadsda
23
1
1
3
4
2
asdasdas
23
2
1
11
file.txt
3
4
2
asdsdasdaad
23
1
1
6
2
50
8
2
8
11

file.txt
11
file.txt
11
file.txt
3
4
2
afgh
123
23
2
6
1
a
6
2
50
2
asd
123
1
1
9
2
3
2
asdsadsda
23
2
1
10
file2.txt
0
11
file2.txt
3
4
2
sadsda
23
2
1
4
2
asdasdsdas
23
2
1
3
3
3
1
asd
123,000000
500
1
2
ks1
123
23
2
2
ks2
1231
1
1
3
4
13
14
15
1
12
0
2
0
1
12
0
1
500
13
15
0
3
2
asd
0
0
12
1
1
0
